== house_5 perimeter ground-level cells with a crossing edge (candidate doors) ==
   ((-20, 2), 17.0, [0, -1, 0, 0], [1, -1, 1, 1])
   ((-20, 11), 17.0, [0, 0, 0, -1], [1, 1, 4, -1])
   ((-19, 2), 17.0, [0, 0, -1, 0], [1, 1, -1, 4])
   ((-19, 11), 17.0, [0, 0, 0, -1], [1, 1, 4, -1])
   ((-18, 2), 17.0, [0, 0, -1, 0], [2, 1, -1, 4])
   ((-18, 11), 17.0, [0, 0, 0, -1], [1, 1, 4, -1])
   ((-17, 2), 17.0, [0, 0, -1, 0], [2, 2, -1, 4])
   ((-17, 11), 17.0, [0, 0, 0, -1], [1, 1, 4, -1])
   ((-16, 2), 17.0, [0, 0, -1, 0], [2, 2, -1, 4])
   ((-16, 11), 17.0, [0, 0, 0, -1], [1, 1, 4, -1])
   ((-15, 2), 17.0, [0, 0, -1, 0], [2, 2, -1, 4])
   ((-15, 11), 17.0, [0, 0, 0, -1], [1, 1, 4, -1])
   ((-14, 2), 17.0, [0, 0, -1, 0], [2, 2, -1, 4])
   ((-14, 11), 17.0, [0, 0, 0, -1], [1, 1, 4, -1])
   ((-13, 2), 17.0, [0, 0, -1, 0], [2, 2, -1, 4])
   ((-13, 11), 17.0, [0, 0, 0, -1], [1, 1, 4, -1])
   ((-12, 2), 17.0, [0, 0, -1, 0], [2, 2, -1, 4])
   ((-12, 11), 17.0, [0, 0, 0, -1], [2, 1, 4, -1])
   ((-11, 2), 17.0, [0, 0, -1, 0], [2, 2, -1, 4])
   ((-11, 11), 17.11111068725586, [0, 0, 0, -1], [1, 2, 4, -1])
   ((-10, 2), 17.0, [0, 0, -1, 0], [2, 2, -1, 4])
   ((-10, 11), 17.0, [0, 0, 0, -1], [1, 1, 4, -1])
   ((-9, 2), 17.0, [0, 0, -1, 0], [2, 2, -1, 4])
   ((-9, 11), 17.0, [0, 0, 0, -1], [1, 1, 4, -1])
   ((-8, 2), 17.0, [0, 0, -1, 0], [2, 2, -1, 4])
   ((-8, 11), 17.0, [0, 0, 0, -1], [1, 1, 4, -1])
   ((-7, 2), 17.0, [0, 0, -1, 0], [2, 2, -1, 4])
   ((-7, 11), 17.0, [0, 0, 0, -1], [1, 1, 4, -1])
   ((-6, 2), 17.0, [0, 0, -1, 0], [2, 2, -1, 4])
   ((-6, 11), 17.0, [0, 0, 0, -1], [1, 1, 4, -1])
   ((-5, 2), 17.0, [0, 0, -1, 0], [1, 2, -1, 4])
   ((-5, 11), 17.0, [0, 0, 0, -1], [1, 1, 4, -1])
   ((-4, 2), 17.0, [-1, 0, -1, 0], [-1, 1, -1, 2])
   ((-4, 11), 17.0, [0, 0, 0, -1], [1, 1, 4, -1])
   ((-3, 2), 17.0, [0, -1, 0, 0], [4, -1, 1, 1])
   ((-3, 11), 17.0, [-1, 0, 0, 0], [-1, 1, 1, 1])
   ((-20, 2), 17.0, [0, -1, 0, 0], [1, -1, 1, 1])
   ((-3, 2), 17.0, [0, -1, 0, 0], [4, -1, 1, 1])
   ((-20, 3), 17.0, [-1, -1, 0, 0], [-1, -1, 1, 1])
   ((-3, 3), 17.0, [0, -1, 0, 0], [1, -1, 1, 1])
   ((-20, 4), 17.0, [-1, -1, 0, 0], [-1, -1, 1, 1])
   ((-3, 4), 17.0, [-1, -1, 0, 0], [-1, -1, 1, 1])
   ((-20, 5), 17.0, [-1, -1, 0, 0], [-1, -1, 1, 1])
   ((-3, 5), 17.0, [-1, -1, 0, 0], [-1, -1, 1, 1])
   ((-20, 6), 17.0, [-1, -1, 0, 0], [-1, -1, 1, 1])
   ((-3, 6), 17.0, [-1, -1, 0, 0], [-1, -1, 1, 1])
   ((-20, 7), 17.0, [-1, -1, 0, 0], [-1, -1, 1, 1])
   ((-3, 7), 17.0, [-1, -1, 0, 0], [-1, -1, 1, 1])
   ((-20, 8), 17.0, [-1, -1, 0, 0], [-1, -1, 1, 1])
   ((-3, 8), 17.0, [-1, -1, 0, 0], [-1, -1, 1, 1])
   ((-20, 9), 17.0, [-1, -1, 0, 0], [-1, -1, 1, 1])
   ((-3, 9), 17.0, [-1, -1, 0, 0], [-1, -1, 1, 1])
   ((-20, 10), 17.0, [-1, -1, -1, 0], [-1, -1, -1, 1])
   ((-3, 10), 17.0, [-1, -1, 0, 0], [-1, -1, 1, 1])
   ((-20, 11), 17.0, [0, 0, 0, -1], [1, 1, 4, -1])
   ((-3, 11), 17.0, [-1, 0, 0, 0], [-1, 1, 1, 1])
== house_11 perimeter ground-level cells with a crossing edge (candidate doors) ==
   ((32, 2), 17.0, [0, -1, 0, 0], [1, -1, 1, 1])
   ((32, 11), 17.0, [0, -1, 0, -1], [1, -1, 1, -1])
   ((33, 2), 17.0, [0, 0, -1, 0], [1, 1, -1, 4])
   ((33, 11), 17.0, [0, 0, 0, -1], [1, 1, 4, -1])
   ((34, 2), 17.0, [0, 0, -1, 0], [2, 1, -1, 4])
   ((34, 11), 17.0, [0, 0, 0, -1], [1, 1, 4, -1])
   ((35, 2), 17.0, [0, 0, -1, 0], [2, 2, -1, 4])
   ((35, 11), 17.0, [0, 0, 0, -1], [2, 1, 4, -1])
   ((36, 2), 17.0, [0, 0, -1, 0], [2, 2, -1, 4])
   ((36, 11), 17.11111068725586, [0, 0, 0, 0], [1, 2, 4, 1])
   ((37, 2), 17.0, [0, 0, -1, 0], [1, 2, -1, 4])
   ((37, 11), 17.0, [0, 0, 0, -1], [1, 1, 4, -1])
   ((38, 2), 17.0, [-1, 0, -1, 0], [-1, 1, -1, 2])
   ((38, 11), 17.0, [0, 0, 0, -1], [1, 1, 4, -1])
   ((39, 2), 17.0, [0, -1, 0, 0], [4, -1, 1, 1])
   ((39, 11), 17.0, [-1, 0, 0, 0], [-1, 1, 1, 1])
   ((32, 2), 17.0, [0, -1, 0, 0], [1, -1, 1, 1])
   ((39, 2), 17.0, [0, -1, 0, 0], [4, -1, 1, 1])
   ((32, 3), 17.0, [-1, -1, 0, 0], [-1, -1, 1, 1])
   ((39, 3), 17.0, [0, -1, 0, 0], [1, -1, 1, 1])
   ((32, 4), 17.0, [-1, -1, 0, 0], [-1, -1, 1, 1])
   ((39, 4), 17.0, [-1, -1, 0, 0], [-1, -1, 1, 1])
   ((32, 5), 17.0, [-1, -1, 0, 0], [-1, -1, 1, 1])
   ((39, 5), 17.0, [-1, -1, 0, 0], [-1, -1, 1, 1])
   ((32, 6), 17.0, [-1, -1, 0, 0], [-1, -1, 1, 1])
   ((39, 6), 17.0, [-1, -1, 0, 0], [-1, -1, 1, 1])
   ((32, 7), 17.0, [-1, -1, 0, 0], [-1, -1, 1, 1])
   ((39, 7), 17.0, [-1, -1, 0, 0], [-1, -1, 1, 1])
   ((32, 8), 17.0, [-1, -1, 0, 0], [-1, -1, 1, 1])
   ((39, 8), 17.0, [-1, -1, 0, 0], [-1, -1, 1, 1])
   ((32, 9), 17.0, [-1, -1, 0, 0], [-1, -1, 1, 1])
   ((39, 9), 17.0, [-1, -1, 0, 0], [-1, -1, 1, 1])
   ((32, 10), 17.0, [-1, -1, -1, 0], [-1, -1, -1, 1])
   ((39, 10), 17.0, [-1, -1, 0, 0], [-1, -1, 1, 1])
   ((32, 11), 17.0, [0, -1, 0, -1], [1, -1, 1, -1])
   ((39, 11), 17.0, [-1, 0, 0, 0], [-1, 1, 1, 1])
== house_1 perimeter ground-level cells with a crossing edge (candidate doors) ==
   ((-37, 18), 17.0, [0, -1, 0, -1], [1, -1, 1, -1])
   ((-37, 27), 17.0, [0, -1, 0, 0], [1, -1, 1, 1])
   ((-36, 18), 17.0, [0, 0, -1, -1], [1, 1, -1, -1])
   ((-36, 27), 17.0, [0, 0, 0, -1], [1, 1, 4, -1])
   ((-35, 18), 17.0, [0, 0, -1, -1], [1, 1, -1, -1])
   ((-35, 27), 17.0, [0, 0, 0, -1], [2, 1, 4, -1])
   ((-34, 18), 17.0, [0, 0, -1, 0], [2, 1, -1, 2])
   ((-34, 27), 17.0, [0, 0, 0, -1], [2, 2, 4, -1])
   ((-33, 18), 17.11111068725586, [0, 0, 0, 0], [1, 2, 1, 2])
   ((-33, 27), 17.0, [0, 0, 0, -1], [2, 2, 4, -1])
   ((-32, 18), 17.0, [0, 0, -1, -1], [1, 1, -1, -1])
   ((-32, 27), 17.0, [0, 0, 0, -1], [1, 2, 4, -1])
   ((-31, 18), 17.0, [-1, 0, -1, -1], [-1, 1, -1, -1])
   ((-31, 27), 17.0, [-1, 0, 0, -1], [-1, 1, 2, -1])
   ((-30, 18), 17.0, [-1, -1, 0, 0], [-1, -1, 1, 1])
   ((-30, 27), 17.0, [0, -1, 0, 0], [4, -1, 1, 1])
   ((-37, 18), 17.0, [0, -1, 0, -1], [1, -1, 1, -1])
   ((-30, 18), 17.0, [-1, -1, 0, 0], [-1, -1, 1, 1])
   ((-37, 19), 17.0, [-1, -1, 0, 0], [-1, -1, 1, 1])
   ((-30, 19), 17.0, [-1, -1, 0, 0], [-1, -1, 1, 1])
   ((-37, 20), 17.0, [-1, -1, 0, 0], [-1, -1, 1, 1])
   ((-30, 20), 17.0, [-1, -1, 0, 0], [-1, -1, 1, 1])
   ((-37, 21), 17.0, [-1, -1, 0, 0], [-1, -1, 1, 1])
   ((-30, 21), 17.0, [-1, -1, 0, 0], [-1, -1, 1, 1])
   ((-37, 22), 17.0, [-1, -1, 0, 0], [-1, -1, 1, 1])
   ((-30, 22), 17.0, [-1, -1, 0, 0], [-1, -1, 1, 1])
   ((-37, 23), 17.0, [-1, -1, 0, 0], [-1, -1, 1, 1])
   ((-30, 23), 17.0, [-1, -1, 0, 0], [-1, -1, 1, 1])
   ((-37, 24), 17.0, [-1, -1, 0, 0], [-1, -1, 1, 1])
   ((-30, 24), 17.0, [-1, -1, 0, 0], [-1, -1, 1, 1])
   ((-37, 25), 17.0, [-1, -1, 0, 0], [-1, -1, 1, 1])
   ((-30, 25), 17.0, [-1, -1, 0, 0], [-1, -1, 1, 1])
   ((-37, 26), 17.0, [-1, -1, 0, 0], [-1, -1, 1, 1])
   ((-30, 26), 17.0, [0, -1, 0, 0], [2, -1, 1, 1])
   ((-37, 27), 17.0, [0, -1, 0, 0], [1, -1, 1, 1])
   ((-30, 27), 17.0, [0, -1, 0, 0], [4, -1, 1, 1])
== sign door cells ==
butcher house_11 north wall z=11 x36..38
   (36,10) [y16:c y17:p y18:p y19:p y20:c y21:p] feet=17.56 hr=16 e=[-1, -1, 0, 0] | feet=21.44 hr=288 e=[0, 0, -1, 1]
   (36,11) [y16:c y17:p] feet=17.11 hr=288 e=[0, 0, 0, 0]
   (36,12) [y16:c y17:p] feet=17.11 hr=288 e=[0, 0, 0, 0]
   (37,10) [y16:c y17:p y18:c y19:c y20:c y21:p] feet=21.44 hr=288 e=[0, 1, -1, 1]
   (37,11) [y16:c y17:p y18:e! y19:e! y20:e!] feet=17.00 hr=288 e=[0, 0, 0, -1]
   (37,12) [y16:c y17:p] feet=17.11 hr=288 e=[0, 0, 0, 0]
   (38,10) [y16:c y17:p y18:p y19:p y20:p y21:p] feet=21.44 hr=288 e=[-1, 0, -1, 0]
   (38,11) [y16:c y17:p y18:p! y19:p! y20:p!] feet=17.00 hr=288 e=[0, 0, 0, -1]
   (38,12) [y16:c y17:p] feet=17.11 hr=288 e=[0, 0, 0, 0]
bakery house_1 south wall z=18 x-33..-31
   (-33,17) [y16:c y17:p] feet=17.11 hr=288 e=[0, 0, 0, 0]
   (-33,18) [y16:c y17:p] feet=17.11 hr=288 e=[0, 0, 0, 0]
   (-33,19) [y16:c y17:p y18:p y19:p y20:c y21:p] feet=17.56 hr=16 e=[-1, -1, 0, 0] | feet=21.44 hr=288 e=[0, 0, 1, -1]
   (-32,17) [y16:c y17:p] feet=17.11 hr=288 e=[0, 0, -1, 0]
   (-32,18) [y16:c y17:p y18:e! y19:e! y20:e!] feet=17.00 hr=288 e=[0, 0, -1, -1]
   (-32,19) [y16:c y17:p y18:c y19:c y20:c y21:p] feet=21.44 hr=288 e=[0, 1, 1, -1]
   (-31,17) [y16:c y17:p] feet=17.11 hr=288 e=[0, 0, -1, 0]
   (-31,18) [y16:c y17:p y18:p! y19:p! y20:p!] feet=17.00 hr=288 e=[-1, 0, -1, -1]
   (-31,19) [y16:c y17:p y18:p y19:p y20:p y21:p] feet=21.44 hr=288 e=[-1, 0, 0, -1]

[exited with code 0]
