     annulus     mesh    cards    total
    0-50           5        0        5
   50-100         17        0       17
  100-150         61        0       61
  150-200         87        0       87
  200-250        109        0      109
  250-300        146        0      146
  300-350        162        0      162
  350-400        203        0      203
  400-450        209        1      210
  450-500        215        5      220
  500-550        234       20      254
  550-600        221       27      248
  600-650        247       46      293
  650-700        198       51      249
  700-750        165       47      212
  750-800        123       34      157
  800-850        108       31      139
  850-900        122       37      159
  900-950        129       35      164
  950-1000       124       33      157
 1000-1050       118       30      148
 1050-1100       120       31      151
 1100-1150       131       36      167
 1150-1200       141       35      176
 1200-1250       133       30      163
 1250-1300        94       40      134
 1300-1350        90       43      133
 1350-1400        86       42      128
 1400-1450        64       35       99
 1450-1500        59       33       92
 1500-1550        38       40       78
 1550-1600        27       55       82
 1600-1650        27       59       86
 1650-1700        27       95      122
 1700-1750        17      110      127
 1750-1800         0      120      120
 1800-1850         0      120      120
 1850-1900         0      120      120
 1900-1950         0      130      130
 1950-2000         0      134      134
deadzone continuity: PASS
